142929266
142931087
142932081
142934161
142936231
142986102
142997713
143014886
143016168
143016719
143016733
143022156
143022649
143028082
143090039
143103510
143129854
143130322
143139795
143140932
143167084
143219489
143227124
142951974
143035291
143042509
143051697
143067305
143092740
143096162
143100518
141459985
141477646
141611681
141653993
141658352
141773386
141954178
141958462
141958490
141975498
141986285
141986606
142075960
142141007
142177378
142204618
142292135
142357694
142363255
142363305
142365155
142387066
142437538
142466190
142498067
142504276
142537278
142652620
142689771
142807627
142817297
142838672
142910580
142839506
142862247
143181194
143286485
143580502
